# kuka_trj_photoneo_scan:
#   joint_names: [structure_joint_1, kuka_joint1, kuka_joint2, kuka_joint3, kuka_joint4,
#     kuka_joint5, kuka_joint6]
#   time_from_start:
#   positions:
#   - [1.332131803734, 0.0,-2.705, 2.705, 0.0, -1.57, 0.0]
#   - [0.35751980175, 0.0, -2.70526, 1.0852457, 0.33911747, 2.01463356, 0.0]
#   velocities:
#   accelerations:

# kuka_trj_photoneo_drop_rack_approach_part1:
#   joint_names: [structure_joint_1, kuka_joint1, kuka_joint2, kuka_joint3, kuka_joint4,
#     kuka_joint5, kuka_joint6]
#   time_from_start:
#   positions:
#   - [0.35751980175, 0.0, -2.70526, 1.0852457, 0.33911747, 2.01463356, 0.0]
#   - [1.9819981134299998, 0.0, -2.11900424, 1.1751302, 0.33911747, 1.3273229, 0.0]
#   - [1.9819981134299998, 0.0, -1.2894493, 2.4240878, 0.0, -1.176701, 0.0]
#   - [1.9819981134299998, -0.43545965, -1.3475687, 2.23821023, -0.53389622, -0.96708694, 1.8675]
#   velocities:
#   accelerations:

# kuka_trj_photoneo_drop_rack_approach_part2:
#   joint_names: [structure_joint_1, kuka_joint1, kuka_joint2, kuka_joint3, kuka_joint4,
#     kuka_joint5, kuka_joint6]
#   time_from_start:
#   positions:
#   - [1.9819981134299998, -0.43545965, -1.3475687, 2.23821023, -0.53389622, -0.96708694, 1.8675]
#   - [1.9819981134299998, -0.44662976, -0.69446651,  2.31971711, -0.44418629, -1.6242034 , 1.5245451 ]
#   - [1.9819981134299998, -0.45029495, -0.47595129,  2.24885674, -0.45570547, -1.75702296, 1.45961885]
#   - [1.9819981134299998, -0.45570547, -0.17558012,  2.06594624, -0.47403142, -1.86139365, 1.40411738] #inizia discesa sul rack da questo in poi
#   - [1.9819981134299998, -0.40474185, -0.19914207,  1.94743838, -0.40770891, -1.73834793, 1.47794481]
#   - [1.9819981134299998, -0.37123153, -0.20629792,  1.84341676, -0.3689626 , -1.63694431, 1.52419604]
#   velocities:
#   accelerations:

# kuka_trj_photoneo_drop_rack_leave:
#   joint_names: [structure_joint_1, kuka_joint1, kuka_joint2, kuka_joint3, kuka_joint4,
#     kuka_joint5, kuka_joint6]
#   time_from_start:
#   positions:
#   - [1.9819981134299998, -0.37123153, -0.20629792,  1.84341676, -0.3689626 , -1.63694431, 1.52419604] #copia e incolla dei punti sopra
#   - [1.9819981134299998, -0.40474185, -0.19914207,  1.94743838, -0.40770891, -1.73834793, 1.47794481]
#   - [1.9819981134299998, -0.45570547, -0.17558012,  2.06594624, -0.47403142, -1.86139365, 1.40411738]

#   velocities:
#   accelerations:

kuka_trj_photoneo_scan:
  joint_names: [structure_joint_1, kuka_joint1, kuka_joint2, kuka_joint3, kuka_joint4,
    kuka_joint5, kuka_joint6]
  time_from_start:
  positions:
  - [1.332131803734, 0.0,-2.705, 2.705, 0.0, -1.57, 0.0]
  - [0.35751980175, 0.0, -2.70526, 1.0852457, 0.33911747, 2.01463356, 0.0]
  velocities:
  accelerations:

kuka_trj_photoneo_drop_rack_approach_part1:
  joint_names: [structure_joint_1, kuka_joint1, kuka_joint2, kuka_joint3, kuka_joint4,
    kuka_joint5, kuka_joint6]
  time_from_start:
  positions:
  - [0.35751980175, 0.0, -2.70526, 1.0852457, 0.33911747, 2.01463356, 0.0]
  - [1.486629137052, 0.0, -2.11900424, 1.1751302, 0.33911747, 1.3273229, 0.0]
  - [1.486629137052, 0.0, -1.2894493, 2.4240878, 0.0, -1.176701, 0.0]
  - [1.486629137052, -0.43545965, -1.3475687, 2.23821023, -0.53389622, -0.96708694, 1.8675]
  velocities:
  accelerations:

kuka_trj_photoneo_drop_rack_approach_part2:
  joint_names: [structure_joint_1, kuka_joint1, kuka_joint2, kuka_joint3, kuka_joint4,
    kuka_joint5, kuka_joint6]
  time_from_start:
  positions:
  - [1.486629137052, -0.43545965, -1.3475687, 2.23821023, -0.53389622, -0.96708694, 1.8675]
  - [1.486629137052, -0.8510225433,	-1.059240323,	2.232974245,	-0.8902924514,	-1.336049542,	1.84184596]
  - [1.486629137052, -0.8529424054,	-0.6541494036,	2.203827246,	-0.8590510578,	-1.579173907,	1.552644903]
  - [1.486629137052, -0.853989603,	-0.4394739057,	2.118829712,	-0.8649851773,	-1.66347331,	1.454208333]
  - [1.486629137052, -0.8573057286,	-0.1628392192,	1.928588823,	-0.8765043504,	-1.718800247,	1.387187689] #inizia discesa sul rack da questo in poi
  - [1.486629137052, -0.7731808586,	-0.1736602606,	1.834515577,	-0.7829547024,	-1.656841059,	1.473232422]
  - [1.486629137052, -0.7220427116,	-0.1757546557,	1.760339084,	-0.7286749627,	-1.603259451,	1.527512161]
  - [1.486629137052, -0.6899286533,	-0.1743583923,	1.705012146,	-0.6962118386,	-1.562244213,	1.562418746]
  - [1.486629137052, -0.6592108585,	-0.1701696021,	1.643925622,	-0.6665412413, -1.516516587,	1.596801733]
  - [1.486629137052, -0.6503096793,	-0.1684242728,	1.625076067,	-0.6583381939, -1.50237942,	1.606750109]
  - [1.486629137052, -0.6473426196,	-0.1677261411,	1.617920217,	-0.655545667,	-1.497317965,	1.610240768]
  - [1.486629137052, -0.6443755598,	-0.1670280094,	1.611287965,	-0.6529276732,	-1.49225651,	1.613556893]
  - [1.486629137052, -0.6386159733,	-0.165631746,	1.598197996,	-0.6478662183,	-1.4826572,	1.620014612]

  velocities:
  accelerations:

kuka_trj_photoneo_drop_rack_leave:
  joint_names: [structure_joint_1, kuka_joint1, kuka_joint2, kuka_joint3, kuka_joint4,
    kuka_joint5, kuka_joint6]
  time_from_start:
  positions:
  - [1.486629137052, -0.6386159733,	-0.165631746,	1.598197996,	-0.6478662183,	-1.4826572,	1.620014612]
  - [1.486629137052, -0.6443755598,	-0.1670280094,	1.611287965,	-0.6529276732,	-1.49225651,	1.613556893]
  - [1.486629137052, -0.6473426196,	-0.1677261411,	1.617920217,	-0.655545667,	-1.497317965,	1.610240768]
  - [1.486629137052, -0.6503096793,	-0.1684242728,	1.625076067,	-0.6583381939, -1.50237942,	1.606750109]
  - [1.486629137052, -0.6592108585,	-0.1701696021,	1.643925622,	-0.6665412413, -1.516516587,	1.596801733]
  - [1.486629137052, -0.6899286533,	-0.1743583923,	1.705012146,	-0.6962118386,	-1.562244213,	1.562418746]
  - [1.486629137052, -0.7220427116,	-0.1757546557,	1.760339084,	-0.7286749627,	-1.603259451,	1.527512161]
  - [1.486629137052, -0.7731808586,	-0.1736602606,	1.834515577,	-0.7829547024,	-1.656841059,	1.473232422]

  velocities:
  accelerations: