kuka_trj_screwdriver_hook_rack_approach_part1:
  joint_names: [structure_joint_1, kuka_joint1, kuka_joint2, kuka_joint3, kuka_joint4,
    kuka_joint5, kuka_joint6]
  time_from_start: 
  positions:
  - [1.9819981134299998, -0.45570547, -0.17558012,  2.06594624, -0.47403142, -1.86139365, 1.40411738]
  - [1.4865987818759998, -0.45570547, -0.17558012,  2.06594624, -0.47403142, -1.86139365, 1.40411738]
  - [1.4865987818759998,-0.521678913421105,	-0.213453767518906,	2.12040050824791,	-0.560425222815379,	-1.85231793514158,	-0.212581102892909]

  velocities:
  accelerations:

kuka_trj_screwdriver_hook_rack_approach_part2:
  joint_names: [structure_joint_1, kuka_joint1, kuka_joint2, kuka_joint3, kuka_joint4,
    kuka_joint5, kuka_joint6]
  time_from_start: 
  positions:
  - [1.4865987818759998,-0.521678913421105,	-0.213453767518906,	2.12040050824791,	-0.560425222815379,	-1.85231793514158,	-0.212581102892909]
  - [1.4865987818759998,-0.414341164423453,	-0.245567825755602,	1.88704998725627,	-0.429001930140206,	-1.62856672503591,	-0.0654498469497873]
  - [1.4865987818759998,-0.40910517666747,	-0.245742358680801,	1.87116749106312,	-0.423416876533824,	-1.61425502516955,	-0.05846852994181]
  - [1.4865987818759998,-0.403694655986288,	-0.245742358680801,	1.86034644970075,	-0.419751685104636,	-1.60430664843319,	-0.0539306738866247]
  - [1.4865987818759998, -0.403694655986288, -0.245567825755602,	1.85458686316917,	-0.417831822927442,	-1.5992451936024,	-0.0514872129338327]
  velocities:
  accelerations:

kuka_trj_screwdriver_hook_rack_leave:
  joint_names: [structure_joint_1, kuka_joint1, kuka_joint2, kuka_joint3, kuka_joint4,
    kuka_joint5, kuka_joint6]
  time_from_start: 
  positions:
  - [1.4865987818759998, -0.403694655986288, -0.245567825755602,	1.85458686316917,	-0.417831822927442,	-1.5992451936024,	-0.0514872129338327]
  - [1.4865987818759998,-0.403694655986288,	-0.245742358680801,	1.86034644970075,	-0.419751685104636,	-1.60430664843319,	-0.0539306738866247]
  - [1.4865987818759998,-0.40910517666747,	-0.245742358680801,	1.87116749106312,	-0.423416876533824,	-1.61425502516955,	-0.05846852994181]
  - [1.4865987818759998,-0.414341164423453,	-0.245567825755602,	1.88704998725627,	-0.429001930140206,	-1.62856672503591,	-0.0654498469497873]
  - [1.4865987818759998,-0.521678913421105,	-0.213453767518906,	2.12040050824791,	-0.560425222815379,	-1.85231793514158,	-0.212581102892909]
  velocities:
  accelerations:

kuka_trj_approach_screw_1:
  joint_names: [structure_joint_1, kuka_joint1, kuka_joint2, kuka_joint3, kuka_joint4,
    kuka_joint5, kuka_joint6]
  time_from_start: 
  positions:
  - [1.4865987818759998, -0.521678913421105,	-0.213453767518906,	2.12040050824791,	-0.560425222815379,	-1.85231793514158,	-0.212581102892909]
  - [1.4865987818759998, -0.50789081233035,	-0.641233967182716,	2.33106174896362,	-0.524645973149495,	-1.66783663320578,	-0.0958185759344886]
  - [0.03249755919, -0.50789081233035,	-0.641233967182716,	2.33106174896362,	-0.524645973149495,	-1.66783663320578,	-0.0958185759344886]
  - [0.03249755919, 0.405614518163482,	-0.55990162403978,	2.24152635833632,	0.393397213399521,	-1.66713850150498,	0.00610865238198015]
  - [0.03249755919, 0.373674992851986,	-0.57840211411092,	2.11760798144472,	0.359712358836031,	-1.53501707712901,	-0.0472984227290463]

  velocities:
  accelerations:

kuka_trj_down_screw_1:
  joint_names: [structure_joint_1, kuka_joint1, kuka_joint2, kuka_joint3, kuka_joint4,
    kuka_joint5, kuka_joint6]
  time_from_start: 
  positions:
  - [0.03249755919, 0.373674992851986,	-0.57840211411092,	2.11760798144472,	0.359712358836031,	-1.53501707712901,	-0.0472984227290463]
  - [0.03249755919, 0.352032910127256,	-0.569850000776148,	2.03522844075059,	0.339815605363296,	-1.46537843997444,	-0.071383966406568]

  velocities:
  accelerations:

kuka_trj_up_screw_1:
  joint_names: [structure_joint_1, kuka_joint1, kuka_joint2, kuka_joint3, kuka_joint4,
    kuka_joint5, kuka_joint6]
  time_from_start: 
  positions:
  - [0.03249755919, 0.352032910127256,	-0.569850000776148,	2.03522844075059,	0.339815605363296,	-1.46537843997444,	-0.071383966406568]
  - [0.03249755919, 0.373674992851986,	-0.57840211411092,	2.11760798144472,	0.359712358836031,	-1.53501707712901,	-0.0472984227290463]

  velocities:
  accelerations:

kuka_trj_approach_screw_2:
  joint_names: [structure_joint_1, kuka_joint1, kuka_joint2, kuka_joint3, kuka_joint4,
    kuka_joint5, kuka_joint6]
  time_from_start: 
  positions:
  - [0.03249755919, 0.373674992851986,	-0.57840211411092,	2.11760798144472,	0.359712358836031,	-1.53501707712901,	-0.0472984227290463]
  - [0.03249755919, 0.339292006587697,	-0.697259036171734,	2.14745311165382,	0.327598300599335, -1.45036860840729,	-0.0750491578357561]

  velocities:
  accelerations:

kuka_trj_down_screw_2:
  joint_names: [structure_joint_1, kuka_joint1, kuka_joint2, kuka_joint3, kuka_joint4,
    kuka_joint5, kuka_joint6]
  time_from_start: 
  positions:
  - [0.03249755919, 0.339292006587697,	-0.697259036171734,	2.14745311165382,	0.327598300599335,	-1.45036860840729,	-0.0750491578357561]
  - [0.03249755919, 0.323933109170147,	-0.685914396033771,	2.08200326470403,	0.314508331209378,	-1.39835779669786,	-0.0898844564777079]

  velocities:
  accelerations:

kuka_trj_up_screw_2:
  joint_names: [structure_joint_1, kuka_joint1, kuka_joint2, kuka_joint3, kuka_joint4,
    kuka_joint5, kuka_joint6]
  time_from_start: 
  positions:
  - [0.03249755919, 0.323933109170147,	-0.685914396033771,	2.08200326470403,	0.314508331209378,	-1.39835779669786,	-0.0898844564777079]
  - [0.03249755919, 0.339292006587697,	-0.697259036171734,	2.14745311165382,	0.327598300599335,	-1.45036860840729,	-0.0750491578357561]

  velocities: 
  accelerations:

kuka_trj_approach_screw_3:
  joint_names: [structure_joint_1, kuka_joint1, kuka_joint2, kuka_joint3, kuka_joint4,
    kuka_joint5, kuka_joint6]
  time_from_start: 
  positions:
  - [0.03249755919, 0.339292006587697,	-0.697259036171734,	2.14745311165382,	0.327598300599335,	-1.45036860840729,	-0.0750491578357561]
  - [0.03249755919, 0.305432619099007,	-0.817686754559343,	2.17415664920933,	0.298102236240631,	-1.35961148730358,	-0.0987856356628789]

  velocities:
  accelerations:

kuka_trj_down_screw_3:
  joint_names: [structure_joint_1, kuka_joint1, kuka_joint2, kuka_joint3, kuka_joint4,
    kuka_joint5, kuka_joint6]
  time_from_start: 
  positions:
  - [0.03249755919, 0.305432619099007,	-0.817686754559343,	2.17415664920933,	0.298102236240631,	-1.35961148730358,	-0.0987856356628789]
  - [0.03249755919, 0.291644518008252,	-0.801106126665397,	2.10905586810995,	0.287281194878266,-1.31213853164934,	-0.110130275800842]

  velocities:
  accelerations:

kuka_trj_up_screw_3:
  joint_names: [structure_joint_1, kuka_joint1, kuka_joint2, kuka_joint3, kuka_joint4,
    kuka_joint5, kuka_joint6]
  time_from_start: 
  positions:
  - [0.03249755919, 0.291644518008252,	-0.801106126665397,	2.10905586810995,	0.287281194878266,	-1.31213853164934,	-0.110130275800842]
  - [0.03249755919, 0.305432619099007,	-0.817686754559343,	2.17415664920933,	0.298102236240631,	-1.35961148730358,	-0.0987856356628789]
  - [0.03249755919, 0.365297412442413,	-0.856083998103218,	2.39145014108263,	0.351334778426458,	-1.53135188569982,	-0.0485201532054423]

  velocities:
  accelerations:

kuka_trj_screwdriver_drop_rack_approach_part1:
  joint_names: [structure_joint_1, kuka_joint1, kuka_joint2, kuka_joint3, kuka_joint4,
    kuka_joint5, kuka_joint6]
  time_from_start: 
  positions:
  - [0.03249755919, 0.365297412442413,	-0.856083998103218,	2.39145014108263,	0.351334778426458,	-1.53135188569982,	-0.0485201532054423]
  - [0.03249755919, 0.405614518163482,	-0.55990162403978,	2.24152635833632,	0.393397213399521,	-1.66713850150498,	0.00610865238198015]
  - [0.03249755919, -0.50789081233035,	-0.641233967182716,	2.33106174896362,	-0.524645973149495,	-1.66783663320578,	-0.0958185759344886]
  - [1.4865987818759998, -0.50789081233035,	-0.641233967182716,	2.33106174896362,	-0.524645973149495,	-1.66783663320578,	-0.0958185759344886]
  - [1.4865987818759998, -0.521678913421105,	-0.213453767518906,	2.12040050824791,	-0.560425222815379,	-1.85231793514158,	-0.212581102892909]

  velocities:
  accelerations:

kuka_trj_screwdriver_drop_rack_approach_part2:
  joint_names: [structure_joint_1, kuka_joint1, kuka_joint2, kuka_joint3, kuka_joint4,
    kuka_joint5, kuka_joint6]
  time_from_start: 
  positions:
  - [1.4865987818759998,-0.521678913421105,	-0.213453767518906,	2.12040050824791,	-0.560425222815379,	-1.85231793514158,	-0.212581102892909]
  - [1.4865987818759998,-0.414341164423453,	-0.245567825755602,	1.88704998725627,	-0.429001930140206,	-1.62856672503591,	-0.0654498469497873]
  - [1.4865987818759998,-0.40910517666747,	-0.245742358680801,	1.87116749106312,	-0.423416876533824,	-1.61425502516955,	-0.05846852994181]
  - [1.4865987818759998,-0.403694655986288,	-0.245742358680801,	1.86034644970075,	-0.419751685104636,	-1.60430664843319,	-0.0539306738866247]
  - [1.4865987818759998, -0.403694655986288, -0.245567825755602,	1.85458686316917,	-0.417831822927442,	-1.5992451936024,	-0.0514872129338327]


  velocities:
  accelerations: