kuka_trj_spreader_hook_rack_approach:
  joint_names: [structure_joint_1, kuka_joint1, kuka_joint2, kuka_joint3, kuka_joint4,
    kuka_joint5, kuka_joint6]
  time_from_start: []
  positions:
  - [1.486459173863, 0.351683844276857,	-0.137531945057153,	2.05826678687691,	0.355872634481643,	-1.89350770548865,	0.0745255590601578]
  - [1.486459173863, 0.301941960595019,	-0.161792021659874,	1.8779742751459,	0.288502925354662,	-1.72072010954121,	0.0481710873550434]
  - [1.486459173863, 0.299847565492626,	-0.162664686285871,	1.86907309596073,	0.285884931476671,	-1.71146986450564,	0.0452040276266531]
  - [1.486459173863, 0.298102236240631,	-0.16318828506147,	1.86156818017715,	0.283790536374278,	-1.70379041579686,	0.0425860337486616]
  - [1.486459173863, 0.295833308213039,	-0.163886416762267,	1.85161980344078,	0.281172542496286, -1.6936675061353,	0.0394444410950718]

  velocities:
  accelerations:

kuka_trj_spreader_hook_rack_leave:
  joint_names: [structure_joint_1, kuka_joint1, kuka_joint2, kuka_joint3, kuka_joint4,
    kuka_joint5, kuka_joint6]
  time_from_start: []
  positions:
  - [1.486459173863, 0.295833308213039,	-0.163886416762267,	1.85161980344078,	0.281172542496286, -1.6936675061353,	0.0394444410950718]
  - [1.486459173863, 0.298102236240631,	-0.16318828506147,	1.86156818017715,	0.283790536374278,	-1.70379041579686,	0.0425860337486616]
  - [1.486459173863, 0.299847565492626,	-0.162664686285871,	1.86907309596073,	0.285884931476671,	-1.71146986450564,	0.0452040276266531]
  - [1.486459173863, 0.301941960595019,	-0.161792021659874,	1.8779742751459,	0.288502925354662,	-1.72072010954121,	0.0481710873550434]
  - [1.486459173863, 0.351683844276857,	-0.137531945057153,	2.05826678687691,	0.355872634481643,	-1.89350770548865,	0.0745255590601578]

  velocities:
  accelerations:

kuka_trj_spreader_on_approach:
  joint_names: [structure_joint_1, kuka_joint1, kuka_joint2, kuka_joint3, kuka_joint4,
    kuka_joint5, kuka_joint6]
  time_from_start: []
  positions:

  velocities:
  
  accelerations:

kuka_trj_spreader_on_leave:
  joint_names: [structure_joint_1, kuka_joint1, kuka_joint2, kuka_joint3, kuka_joint4,
    kuka_joint5, kuka_joint6]
  time_from_start: []
  positions:

  velocities:
  
  accelerations:

kuka_trj_spreader_drop_rack_approach:
  joint_names: [structure_joint_1, kuka_joint1, kuka_joint2, kuka_joint3, kuka_joint4,
    kuka_joint5, kuka_joint6]
  time_from_start: []
  positions:

  velocities:
  
  accelerations:

kuka_trj_spreader_drop_rack_leave:
  joint_names: [structure_joint_1, kuka_joint1, kuka_joint2, kuka_joint3, kuka_joint4,
    kuka_joint5, kuka_joint6]
  time_from_start: []
  positions:

  velocities:
  
  accelerations: