
# kuka_trj_photoneo_scan:
#   joint_names: [structure_joint_1, kuka_joint1, kuka_joint2, kuka_joint3, kuka_joint4,
#     kuka_joint5, kuka_joint6]
#   time_from_start:
#   positions:
#   - [1.332131803734, 0.0,-2.705, 2.705, 0.0, -1.57, 0.0]
#   - [0.35751980175, 0.0, -2.70526, 1.0852457, 0.33911747, 2.01463356, 0.0]
#   velocities:
#   accelerations:

# kuka_trj_photoneo_drop_rack_approach_part1:
#   joint_names: [structure_joint_1, kuka_joint1, kuka_joint2, kuka_joint3, kuka_joint4,
#     kuka_joint5, kuka_joint6]
#   time_from_start:
#   positions:
#   - [0.35751980175, 0.0, -2.70526, 1.0852457, 0.33911747, 2.01463356, 0.0]
#   - [1.9819981134299998, 0.0, -2.11900424, 1.1751302, 0.33911747, 1.3273229, 0.0]
#   - [1.9819981134299998, 0.0, -1.2894493, 2.4240878, 0.0, -1.176701, 0.0]
#   - [1.9819981134299998, -0.43545965, -1.3475687, 2.23821023, -0.53389622, -0.96708694, 1.8675]
#   velocities:
#   accelerations:

# kuka_trj_photoneo_drop_rack_approach_part2:
#   joint_names: [structure_joint_1, kuka_joint1, kuka_joint2, kuka_joint3, kuka_joint4,
#     kuka_joint5, kuka_joint6]
#   time_from_start:
#   positions:
#   - [1.9819981134299998, -0.43545965, -1.3475687, 2.23821023, -0.53389622, -0.96708694, 1.8675]
#   - [1.9819981134299998, -0.44662976, -0.69446651,  2.31971711, -0.44418629, -1.6242034 , 1.5245451 ]
#   - [1.9819981134299998, -0.45029495, -0.47595129,  2.24885674, -0.45570547, -1.75702296, 1.45961885]
#   - [1.9819981134299998, -0.45570547, -0.17558012,  2.06594624, -0.47403142, -1.86139365, 1.40411738] #inizia discesa sul rack da questo in poi
#   - [1.9819981134299998, -0.40474185, -0.19914207,  1.94743838, -0.40770891, -1.73834793, 1.47794481]
#   - [1.9819981134299998, -0.37123153, -0.20629792,  1.84341676, -0.3689626 , -1.63694431, 1.52419604]
#   velocities:
#   accelerations:

# kuka_trj_photoneo_drop_rack_leave:
#   joint_names: [structure_joint_1, kuka_joint1, kuka_joint2, kuka_joint3, kuka_joint4,
#     kuka_joint5, kuka_joint6]
#   time_from_start:
#   positions:
#   - [1.9819981134299998, -0.37123153, -0.20629792,  1.84341676, -0.3689626 , -1.63694431, 1.52419604] #copia e incolla dei punti sopra
#   - [1.9819981134299998, -0.40474185, -0.19914207,  1.94743838, -0.40770891, -1.73834793, 1.47794481]
#   - [1.9819981134299998, -0.45570547, -0.17558012,  2.06594624, -0.47403142, -1.86139365, 1.40411738]

#   velocities:
#   accelerations:

kuka_trj_photoneo_scan:
  joint_names: [structure_joint_1, kuka_joint1, kuka_joint2, kuka_joint3, kuka_joint4,
    kuka_joint5, kuka_joint6]
  time_from_start:
  positions:
  - [1.332131803734, 0.0,-2.705, 2.705, 0.0, -1.57, 0.0]
  - [0.35751980175, 0.0, -2.70526, 1.0852457, 0.33911747, 2.01463356, 0.0]
  velocities:
  accelerations:

kuka_trj_photoneo_drop_rack_approach_part1:
  joint_names: [structure_joint_1, kuka_joint1, kuka_joint2, kuka_joint3, kuka_joint4,
    kuka_joint5, kuka_joint6]
  time_from_start:
  positions:
  - [0.35751980175, 0.0, -2.70526, 1.0852457, 0.33911747, 2.01463356, 0.0]
  - [1.486629137052, 0.0, -2.11900424, 1.1751302, 0.33911747, 1.3273229, 0.0]
  - [1.486629137052, 0.0, -1.2894493, 2.4240878, 0.0, -1.176701, 0.0]
  - [1.486629137052, -0.43545965, -1.3475687, 2.23821023, -0.53389622, -0.96708694, 1.8675]
  velocities:
  accelerations:

kuka_trj_photoneo_drop_rack_approach_part2:
  joint_names: [structure_joint_1, kuka_joint1, kuka_joint2, kuka_joint3, kuka_joint4,
    kuka_joint5, kuka_joint6]
  time_from_start:
  positions:
  - [1.486629137052, -0.43545965, -1.3475687, 2.23821023, -0.53389622, -0.96708694, 1.8675]
  - [1.486629137052, -0.8510225433,	-1.059240323,	2.232974245,	-0.8902924514,	-1.336049542,	1.84184596]
  - [1.486629137052, -0.8529424054,	-0.6541494036,	2.203827246,	-0.8590510578,	-1.579173907,	1.552644903]
  - [1.486629137052, -0.853989603,	-0.4394739057,	2.118829712,	-0.8649851773,	-1.66347331,	1.454208333]
  - [1.486629137052, -0.8573057286,	-0.1628392192,	1.928588823,	-0.8765043504,	-1.718800247,	1.387187689] #inizia discesa sul rack da questo in poi
  - [1.486629137052, -0.7731808586,	-0.1736602606,	1.834515577,	-0.7829547024,	-1.656841059,	1.473232422]
  - [1.486629137052, -0.7220427116,	-0.1757546557,	1.760339084,	-0.7286749627,	-1.603259451,	1.527512161]
  - [1.486629137052, -0.6899286533,	-0.1743583923,	1.705012146,	-0.6962118386,	-1.562244213,	1.562418746]
  - [1.486629137052, -0.6592108585,	-0.1701696021,	1.643925622,	-0.6665412413, -1.516516587,	1.596801733]
  - [1.486629137052, -0.6503096793,	-0.1684242728,	1.625076067,	-0.6583381939, -1.50237942,	1.606750109]
  - [1.486629137052, -0.6473426196,	-0.1677261411,	1.617920217,	-0.655545667,	-1.497317965,	1.610240768]
  - [1.486629137052, -0.6443755598,	-0.1670280094,	1.611287965,	-0.6529276732,	-1.49225651,	1.613556893]
  - [1.486629137052, -0.6386159733,	-0.165631746,	1.598197996,	-0.6478662183,	-1.4826572,	1.620014612]

  velocities:
  accelerations:

kuka_trj_photoneo_drop_rack_leave:
  joint_names: [structure_joint_1, kuka_joint1, kuka_joint2, kuka_joint3, kuka_joint4,
    kuka_joint5, kuka_joint6]
  time_from_start:
  positions:
  - [1.486629137052, -0.6386159733,	-0.165631746,	1.598197996,	-0.6478662183,	-1.4826572,	1.620014612]
  - [1.486629137052, -0.6443755598,	-0.1670280094,	1.611287965,	-0.6529276732,	-1.49225651,	1.613556893]
  - [1.486629137052, -0.6473426196,	-0.1677261411,	1.617920217,	-0.655545667,	-1.497317965,	1.610240768]
  - [1.486629137052, -0.6503096793,	-0.1684242728,	1.625076067,	-0.6583381939, -1.50237942,	1.606750109]
  - [1.486629137052, -0.6592108585,	-0.1701696021,	1.643925622,	-0.6665412413, -1.516516587,	1.596801733]
  - [1.486629137052, -0.6899286533,	-0.1743583923,	1.705012146,	-0.6962118386,	-1.562244213,	1.562418746]
  - [1.486629137052, -0.7220427116,	-0.1757546557,	1.760339084,	-0.7286749627,	-1.603259451,	1.527512161]
  - [1.486629137052, -0.7731808586,	-0.1736602606,	1.834515577,	-0.7829547024,	-1.656841059,	1.473232422]

  velocities:
  accelerations:
kuka_trj_screwdriver_hook_rack_approach_part1:
  joint_names: [structure_joint_1, kuka_joint1, kuka_joint2, kuka_joint3, kuka_joint4,
    kuka_joint5, kuka_joint6]
  time_from_start: 
  positions:
  # - [1.9819981134299998, -0.45570547, -0.17558012,  2.06594624, -0.47403142, -1.86139365, 1.40411738]
  - [1.486629137052, -0.7731808586,	-0.1736602606,	1.834515577,	-0.7829547024,	-1.656841059,	1.473232422]
  - [1.4865987818759998, -0.45570547, -0.17558012,  2.06594624, -0.47403142, -1.86139365, 1.40411738]
  - [1.4865987818759998,-0.521678913421105,	-0.213453767518906,	2.12040050824791,	-0.560425222815379,	-1.85231793514158,	-0.212581102892909]

  velocities:
  accelerations:

kuka_trj_screwdriver_hook_rack_approach_part2:
  joint_names: [structure_joint_1, kuka_joint1, kuka_joint2, kuka_joint3, kuka_joint4,
    kuka_joint5, kuka_joint6]
  time_from_start: 
  positions:
  - [1.4865987818759998,-0.521678913421105,	-0.213453767518906,	2.12040050824791,	-0.560425222815379,	-1.85231793514158,	-0.212581102892909]
  - [1.4865987818759998,-0.414341164423453,	-0.245567825755602,	1.88704998725627,	-0.429001930140206,	-1.62856672503591,	-0.0654498469497873]
  - [1.4865987818759998,-0.40910517666747,	-0.245742358680801,	1.87116749106312,	-0.423416876533824,	-1.61425502516955,	-0.05846852994181]
  - [1.4865987818759998,-0.403694655986288,	-0.245742358680801,	1.86034644970075,	-0.419751685104636,	-1.60430664843319,	-0.0539306738866247]
  - [1.4865987818759998, -0.403694655986288, -0.245567825755602,	1.85458686316917,	-0.417831822927442,	-1.5992451936024,	-0.0514872129338327]
  velocities:
  accelerations:

kuka_trj_screwdriver_hook_rack_leave:
  joint_names: [structure_joint_1, kuka_joint1, kuka_joint2, kuka_joint3, kuka_joint4,
    kuka_joint5, kuka_joint6]
  time_from_start: 
  positions:
  - [1.4865987818759998, -0.403694655986288, -0.245567825755602,	1.85458686316917,	-0.417831822927442,	-1.5992451936024,	-0.0514872129338327]
  - [1.4865987818759998,-0.403694655986288,	-0.245742358680801,	1.86034644970075,	-0.419751685104636,	-1.60430664843319,	-0.0539306738866247]
  - [1.4865987818759998,-0.40910517666747,	-0.245742358680801,	1.87116749106312,	-0.423416876533824,	-1.61425502516955,	-0.05846852994181]
  - [1.4865987818759998,-0.414341164423453,	-0.245567825755602,	1.88704998725627,	-0.429001930140206,	-1.62856672503591,	-0.0654498469497873]
  - [1.4865987818759998,-0.521678913421105,	-0.213453767518906,	2.12040050824791,	-0.560425222815379,	-1.85231793514158,	-0.212581102892909]
  velocities:
  accelerations:

kuka_trj_approach_screw_1:
  joint_names: [structure_joint_1, kuka_joint1, kuka_joint2, kuka_joint3, kuka_joint4,
    kuka_joint5, kuka_joint6]
  time_from_start: 
  positions:
  - [1.4865987818759998, -0.521678913421105,	-0.213453767518906,	2.12040050824791,	-0.560425222815379,	-1.85231793514158,	-0.212581102892909]
  - [1.4865987818759998, -0.50789081233035,	-0.641233967182716,	2.33106174896362,	-0.524645973149495,	-1.66783663320578,	-0.0958185759344886]
  - [0.03249755919, -0.50789081233035,	-0.641233967182716,	2.33106174896362,	-0.524645973149495,	-1.66783663320578,	-0.0958185759344886]
  - [0.03249755919, 0.405614518163482,	-0.55990162403978,	2.24152635833632,	0.393397213399521,	-1.66713850150498,	0.00610865238198015]
  - [0.03249755919, 0.373674992851986,	-0.57840211411092,	2.11760798144472,	0.359712358836031,	-1.53501707712901,	-0.0472984227290463]

  velocities:
  accelerations:

kuka_trj_down_screw_1:
  joint_names: [structure_joint_1, kuka_joint1, kuka_joint2, kuka_joint3, kuka_joint4,
    kuka_joint5, kuka_joint6]
  time_from_start: 
  positions:
  - [0.03249755919, 0.373674992851986,	-0.57840211411092,	2.11760798144472,	0.359712358836031,	-1.53501707712901,	-0.0472984227290463]
  - [0.03249755919, 0.352032910127256,	-0.569850000776148,	2.03522844075059,	0.339815605363296,	-1.46537843997444,	-0.071383966406568]

  velocities:
  accelerations:

kuka_trj_up_screw_1:
  joint_names: [structure_joint_1, kuka_joint1, kuka_joint2, kuka_joint3, kuka_joint4,
    kuka_joint5, kuka_joint6]
  time_from_start: 
  positions:
  - [0.03249755919, 0.352032910127256,	-0.569850000776148,	2.03522844075059,	0.339815605363296,	-1.46537843997444,	-0.071383966406568]
  - [0.03249755919, 0.373674992851986,	-0.57840211411092,	2.11760798144472,	0.359712358836031,	-1.53501707712901,	-0.0472984227290463]

  velocities:
  accelerations:

kuka_trj_approach_screw_2:
  joint_names: [structure_joint_1, kuka_joint1, kuka_joint2, kuka_joint3, kuka_joint4,
    kuka_joint5, kuka_joint6]
  time_from_start: 
  positions:
  - [0.03249755919, 0.373674992851986,	-0.57840211411092,	2.11760798144472,	0.359712358836031,	-1.53501707712901,	-0.0472984227290463]
  - [0.03249755919, 0.339292006587697,	-0.697259036171734,	2.14745311165382,	0.327598300599335, -1.45036860840729,	-0.0750491578357561]

  velocities:
  accelerations:

kuka_trj_down_screw_2:
  joint_names: [structure_joint_1, kuka_joint1, kuka_joint2, kuka_joint3, kuka_joint4,
    kuka_joint5, kuka_joint6]
  time_from_start: 
  positions:
  - [0.03249755919, 0.339292006587697,	-0.697259036171734,	2.14745311165382,	0.327598300599335,	-1.45036860840729,	-0.0750491578357561]
  - [0.03249755919, 0.323933109170147,	-0.685914396033771,	2.08200326470403,	0.314508331209378,	-1.39835779669786,	-0.0898844564777079]

  velocities:
  accelerations:

kuka_trj_up_screw_2:
  joint_names: [structure_joint_1, kuka_joint1, kuka_joint2, kuka_joint3, kuka_joint4,
    kuka_joint5, kuka_joint6]
  time_from_start: 
  positions:
  - [0.03249755919, 0.323933109170147,	-0.685914396033771,	2.08200326470403,	0.314508331209378,	-1.39835779669786,	-0.0898844564777079]
  - [0.03249755919, 0.339292006587697,	-0.697259036171734,	2.14745311165382,	0.327598300599335,	-1.45036860840729,	-0.0750491578357561]

  velocities: 
  accelerations:

kuka_trj_approach_screw_3:
  joint_names: [structure_joint_1, kuka_joint1, kuka_joint2, kuka_joint3, kuka_joint4,
    kuka_joint5, kuka_joint6]
  time_from_start: 
  positions:
  - [0.03249755919, 0.339292006587697,	-0.697259036171734,	2.14745311165382,	0.327598300599335,	-1.45036860840729,	-0.0750491578357561]
  - [0.03249755919, 0.305432619099007,	-0.817686754559343,	2.17415664920933,	0.298102236240631,	-1.35961148730358,	-0.0987856356628789]

  velocities:
  accelerations:

kuka_trj_down_screw_3:
  joint_names: [structure_joint_1, kuka_joint1, kuka_joint2, kuka_joint3, kuka_joint4,
    kuka_joint5, kuka_joint6]
  time_from_start: 
  positions:
  - [0.03249755919, 0.305432619099007,	-0.817686754559343,	2.17415664920933,	0.298102236240631,	-1.35961148730358,	-0.0987856356628789]
  - [0.03249755919, 0.291644518008252,	-0.801106126665397,	2.10905586810995,	0.287281194878266,-1.31213853164934,	-0.110130275800842]

  velocities:
  accelerations:

kuka_trj_up_screw_3:
  joint_names: [structure_joint_1, kuka_joint1, kuka_joint2, kuka_joint3, kuka_joint4,
    kuka_joint5, kuka_joint6]
  time_from_start: 
  positions:
  - [0.03249755919, 0.291644518008252,	-0.801106126665397,	2.10905586810995,	0.287281194878266,	-1.31213853164934,	-0.110130275800842]
  - [0.03249755919, 0.305432619099007,	-0.817686754559343,	2.17415664920933,	0.298102236240631,	-1.35961148730358,	-0.0987856356628789]
  - [0.03249755919, 0.365297412442413,	-0.856083998103218,	2.39145014108263,	0.351334778426458,	-1.53135188569982,	-0.0485201532054423]

  velocities:
  accelerations:

kuka_trj_screwdriver_drop_rack_approach_part1:
  joint_names: [structure_joint_1, kuka_joint1, kuka_joint2, kuka_joint3, kuka_joint4,
    kuka_joint5, kuka_joint6]
  time_from_start: 
  positions:
  - [0.03249755919, 0.365297412442413,	-0.856083998103218,	2.39145014108263,	0.351334778426458,	-1.53135188569982,	-0.0485201532054423]
  - [0.03249755919, 0.405614518163482,	-0.55990162403978,	2.24152635833632,	0.393397213399521,	-1.66713850150498,	0.00610865238198015]
  - [0.03249755919, -0.50789081233035,	-0.641233967182716,	2.33106174896362,	-0.524645973149495,	-1.66783663320578,	-0.0958185759344886]
  - [1.4865987818759998, -0.50789081233035,	-0.641233967182716,	2.33106174896362,	-0.524645973149495,	-1.66783663320578,	-0.0958185759344886]
  - [1.4865987818759998, -0.521678913421105,	-0.213453767518906,	2.12040050824791,	-0.560425222815379,	-1.85231793514158,	-0.212581102892909]

  velocities:
  accelerations:

kuka_trj_screwdriver_drop_rack_approach_part2:
  joint_names: [structure_joint_1, kuka_joint1, kuka_joint2, kuka_joint3, kuka_joint4,
    kuka_joint5, kuka_joint6]
  time_from_start: 
  positions:
  - [1.4865987818759998,-0.521678913421105,	-0.213453767518906,	2.12040050824791,	-0.560425222815379,	-1.85231793514158,	-0.212581102892909]
  - [1.4865987818759998,-0.414341164423453,	-0.245567825755602,	1.88704998725627,	-0.429001930140206,	-1.62856672503591,	-0.0654498469497873]
  - [1.4865987818759998,-0.40910517666747,	-0.245742358680801,	1.87116749106312,	-0.423416876533824,	-1.61425502516955,	-0.05846852994181]
  - [1.4865987818759998,-0.403694655986288,	-0.245742358680801,	1.86034644970075,	-0.419751685104636,	-1.60430664843319,	-0.0539306738866247]
  - [1.4865987818759998, -0.403694655986288, -0.245567825755602,	1.85458686316917,	-0.417831822927442,	-1.5992451936024,	-0.0514872129338327]


  velocities:
  accelerations:
kuka_trj_spreader_hook_rack_approach_part1:
  joint_names: [structure_joint_1, kuka_joint1, kuka_joint2, kuka_joint3, kuka_joint4,
    kuka_joint5, kuka_joint6]
  time_from_start: 
  positions:
  - [1.4865987818, -0.521678913421105,	-0.213453767518906,	2.12040050824791,	-0.560425222815379,	-1.85231793514158,	-0.212581102892909]
  - [1.486459173863, 0.351683844276857,	-0.137531945057153,	2.05826678687691,	0.355872634481643,	-1.89350770548865,	0.0745255590601578]

  velocities:
  accelerations:

kuka_trj_spreader_hook_rack_approach_part2:
  joint_names: [structure_joint_1, kuka_joint1, kuka_joint2, kuka_joint3, kuka_joint4,
    kuka_joint5, kuka_joint6]
  time_from_start: 
  positions:
  - [1.486459173863, 0.351683844276857,	-0.137531945057153,	2.05826678687691,	0.355872634481643,	-1.89350770548865,	0.0745255590601578]
  - [1.486459173863, 0.301941960595019,	-0.161792021659874,	1.8779742751459,	0.288502925354662,	-1.72072010954121,	0.0481710873550434]
  - [1.486459173863, 0.299847565492626,	-0.162664686285871,	1.86907309596073,	0.285884931476671,	-1.71146986450564,	0.0452040276266531]
  - [1.486459173863, 0.298102236240631,	-0.16318828506147,	1.86156818017715,	0.283790536374278,	-1.70379041579686,	0.0425860337486616]
  - [1.486459173863, 0.295833308213039,	-0.163886416762267,	1.85161980344078,	0.281172542496286, -1.6936675061353,	0.0394444410950718]

  velocities:
  accelerations:

kuka_trj_spreader_hook_rack_leave:
  joint_names: [structure_joint_1, kuka_joint1, kuka_joint2, kuka_joint3, kuka_joint4,
    kuka_joint5, kuka_joint6]
  time_from_start: 
  positions:
  - [1.486459173863, 0.295833308213039,	-0.163886416762267,	1.85161980344078,	0.281172542496286, -1.6936675061353,	0.0394444410950718]
  - [1.486459173863, 0.298102236240631,	-0.16318828506147,	1.86156818017715,	0.283790536374278,	-1.70379041579686,	0.0425860337486616]
  - [1.486459173863, 0.299847565492626,	-0.162664686285871,	1.86907309596073,	0.285884931476671,	-1.71146986450564,	0.0452040276266531]
  - [1.486459173863, 0.301941960595019,	-0.161792021659874,	1.8779742751459,	0.288502925354662,	-1.72072010954121,	0.0481710873550434]
  - [1.486459173863, 0.351683844276857,	-0.137531945057153,	2.05826678687691,	0.355872634481643,	-1.89350770548865,	0.0745255590601578]

  velocities:
  accelerations:

kuka_trj_spreader_on_approach:
  joint_names: [structure_joint_1, kuka_joint1, kuka_joint2, kuka_joint3, kuka_joint4,
    kuka_joint5, kuka_joint6]
  time_from_start: 
  positions:
  - [1.486459173863, 0.351683844276857,	-0.137531945057153,	2.05826678687691,	0.355872634481643,	-1.89350770548865,	0.0745255590601578]
  - [1.486459173863, 0.35081117965086,	-0.380481776934764,	2.2156954854068,	0.345924257745276,	-1.83067585241685,	-1.232202451908]
  - [0.511822105212, 0.259704992696756,	-0.506320016003555,	1.98601015584435,	0.243647963578408,	-1.49295464215595,	-1.34285632648444]
  - [0.511822105212, 0.305432619099007,	-0.511730536684737,	1.9706512584268,	0.289899188756258,	-1.47410508623441,	-1.3528047032208]

  velocities:
  accelerations:

kuka_trj_spreader_on_leave:
  joint_names: [structure_joint_1, kuka_joint1, kuka_joint2, kuka_joint3, kuka_joint4,
    kuka_joint5, kuka_joint6]
  time_from_start: 
  positions:
  - [0.511822105212, 0.305432619099007,	-0.511730536684737,	1.9706512584268,	0.289899188756258,	-1.47410508623441,	-1.3528047032208]
  - [0.511822105212, 0.259704992696756,	-0.506320016003555,	1.98601015584435,	0.243647963578408,	-1.49295464215595,	-1.34285632648444]
  - [1.486459173863, 0.35081117965086,	-0.380481776934764,	2.2156954854068,	0.345924257745276,	-1.83067585241685,	-1.232202451908]
  - [1.486459173863, 0.351683844276857,	-0.137531945057153,	2.05826678687691,	0.355872634481643,	-1.89350770548865,	0.0745255590601578]

  velocities:
  accelerations:

kuka_trj_spreader_drop_rack_approach:
  joint_names: [structure_joint_1, kuka_joint1, kuka_joint2, kuka_joint3, kuka_joint4,
    kuka_joint5, kuka_joint6]
  time_from_start: 
  positions:
  - [1.486459173863, 0.351683844276857,	-0.137531945057153,	2.05826678687691,	0.355872634481643,	-1.89350770548865,	0.0745255590601578]
  - [1.486459173863, 0.351683844276857,	-0.137531945057153,	2.05826678687691,	0.355872634481643,	-1.89350770548865,	0.0745255590601578]
  - [1.486459173863, 0.301941960595019,	-0.161792021659874,	1.8779742751459,	0.288502925354662,	-1.72072010954121,	0.0481710873550434]
  - [1.486459173863, 0.299847565492626,	-0.162664686285871,	1.86907309596073,	0.285884931476671,	-1.71146986450564,	0.0452040276266531]
  - [1.486459173863, 0.298102236240631,	-0.16318828506147,	1.86156818017715,	0.283790536374278,	-1.70379041579686,	0.0425860337486616]
  - [1.486459173863, 0.295833308213039,	-0.163886416762267,	1.85161980344078,	0.281172542496286, -1.6936675061353,	0.0394444410950718]

  velocities:
  accelerations:

kuka_trj_spreader_drop_rack_leave:
  joint_names: [structure_joint_1, kuka_joint1, kuka_joint2, kuka_joint3, kuka_joint4,
    kuka_joint5, kuka_joint6]
  time_from_start: 
  positions:
  - [1.486459173863, 0.295833308213039,	-0.163886416762267,	1.85161980344078,	0.281172542496286, -1.6936675061353,	0.0394444410950718]
  - [1.486459173863, 0.298102236240631,	-0.16318828506147,	1.86156818017715,	0.283790536374278,	-1.70379041579686,	0.0425860337486616]
  - [1.486459173863, 0.299847565492626,	-0.162664686285871,	1.86907309596073,	0.285884931476671,	-1.71146986450564,	0.0452040276266531]
  - [1.486459173863, 0.301941960595019,	-0.161792021659874,	1.8779742751459,	0.288502925354662,	-1.72072010954121,	0.0481710873550434]
  - [1.486459173863, 0.351683844276857,	-0.137531945057153,	2.05826678687691,	0.355872634481643,	-1.89350770548865,	0.0745255590601578]

  velocities:
  accelerations:
comau_trj_suction_hook_rack_approach_part1:
  joint_names: [comau_joint_1, comau_joint_2, comau_joint_3, comau_joint_4, comau_joint_5,
    comau_joint_6]
  time_from_start: 
  positions:
  - [-1.23663558820806,	0.08922123136195,	-1.59547528241809,	-0.008395033702093,	1.54269652583779,	1.38270219330747]  #HOME
  - [-1.23722900015374,	0.096289814832527,	-1.56152862846681,	-0.008307767239493,	1.57945315988479,	1.38366212439606]

  velocities:
  accelerations:

comau_trj_suction_hook_rack_approach_part2:
  joint_names: [comau_joint_1, comau_joint_2, comau_joint_3, comau_joint_4, comau_joint_5,
    comau_joint_6]
  time_from_start: 
  positions:
  - [-1.23722900015374,	0.096289814832527,	-1.56152862846681,	-0.008307767239493,	1.57945315988479,	1.38366212439606]
  - [-1.23722900015374,	0.085119707619763,	-1.95990003023451,	-0.008918632477691,	1.18102939823952,	1.38713532960753]
  - [-1.23722900015374,	0.086899943456798,	-1.97028473928388,	-0.008953539062731,	1.17064468919016,	1.38724004936265]
  - [-1.23722900015374,	0.088732539171392,	-1.98033783577536,	-0.009040805525331,	1.16060904599119,	1.38732731582525]
  - [-1.23724645344626,	0.090408055253306,	-1.98906448203534,	-0.009075712110371,	1.15184749314618,	1.38739712899533]
  - [-1.23722900015374,	0.091804318654902,	-1.99615051879843,	-0.00909316540289,	1.14479636296812,	1.38746694216541]

  velocities:
  accelerations:

comau_trj_suction_hook_rack_leave:
  joint_names: [comau_joint_1, comau_joint_2, comau_joint_3, comau_joint_4, comau_joint_5,
    comau_joint_6]
  time_from_start: 
  positions:
  - [-1.23722900015374,	0.091804318654902,	-1.99615051879843,	-0.00909316540289,	1.14479636296812,	1.38746694216541]
  - [-1.23724645344626,	0.090408055253306,	-1.98906448203534,	-0.009075712110371,	1.15184749314618,	1.38739712899533]
  - [-1.23722900015374,	0.088732539171392,	-1.98033783577536,	-0.009040805525331,	1.16060904599119,	1.38732731582525]
  - [-1.23722900015374,	0.086899943456798,	-1.97028473928388,	-0.008953539062731,	1.17064468919016,	1.38724004936265]
  - [-1.23722900015374,	0.085119707619763,	-1.95990003023451,	-0.008918632477691,	1.18102939823952,	1.38713532960753]

  velocities:
  accelerations:

comau_trj_suction_on_approach_part1:
  joint_names: [comau_joint_1, comau_joint_2, comau_joint_3, comau_joint_4, comau_joint_5,
    comau_joint_6]
  time_from_start: 
  positions:
  - [-1.23722900015374,	0.085119707619763,	-1.95990003023451,	-0.008918632477691,	1.18102939823952,	1.38713532960753]
  - [-1.23708937381358,	0.089901909770228,	-1.57625920735364,	-0.007993607974134,	1.56767218743383,	1.7488897236684]
  - [-0.983999178981882,	-0.068486719848258,	-1.57803944319067,	-0.007173303225697,	1.5678292670665,	2.00197991850009]
  - [-0.628632689983317,	-0.445896717299511,	-1.47731649205808,	-0.005288347633543,	1.67188579707041,	1.97283291999179]
  - [-0.146572750582484,	-0.307980799806919,	-1.53121225935966,	-0.001640609496875,	1.6185834417145,	2.83931908043689]
  # - [0.124162722986876,	0.142296693915098,	-1.56990620887638,	0.000593411945678,	1.57990694549031,	3.11005455400625]
  - [-0.121265476428566,	-0.458934326811909,	-1.58959352283887,	0.000593411945678,	1.56025453811285,	3.10719221403298]

  velocities:
  accelerations:

comau_trj_suction_on_approach_part2:
  joint_names: [comau_joint_1, comau_joint_2, comau_joint_3, comau_joint_4, comau_joint_5,
    comau_joint_6]
  time_from_start: 
  positions:
  - [-0.121265476428566,	-0.458934326811909,	-1.58959352283887,	0.000593411945678,	1.56025453811285,	3.10719221403298]
  - [0.119275801081292,	0.445128772428633,	-1.74086120910922,	0.007312929565856,	1.41921448125919,	3.09621409303794]
  - [0.119275801081292,	0.444849519748314,	-1.83242118166884,	0.007382742735936,	1.32763705540705,	3.09555086792218]

  velocities:
  accelerations:

comau_trj_suction_up:
  joint_names: [comau_joint_1, comau_joint_2, comau_joint_3, comau_joint_4, comau_joint_5,
    comau_joint_6]
  time_from_start: 
  positions:
  - [0.119275801081292,	0.444849519748314,	-1.83242118166884,	0.007382742735936,	1.32763705540705,	3.09555086792218]
  - [0.119275801081292,	0.445128772428633,	-1.74086120910922,	0.007312929565856,	1.41921448125919,	3.09621409303794]

  velocities:
  accelerations:

comau_trj_cover_drop_approach:
  joint_names: [comau_joint_1, comau_joint_2, comau_joint_3, comau_joint_4, comau_joint_5,
    comau_joint_6]
  time_from_start: 
  positions:
  - [0.119275801081292,	0.445128772428633,	-1.74086120910922,	0.007312929565856,	1.41921448125919,	3.09621409303794]
  - [0.119275801081292,	0.468428917942758,	-1.5769224324694,	0.007295476273336,	1.58440989496045,	3.09741837022181]
  - [-0.243281444435489,	0.129451070620419,	-1.67953033919414,	0.008621926504852,	1.47989957935103,	1.18582905368251]
  - [-0.463699075669853,	0.283947616006957,	-1.87996395049317,	0.004712388980385,	1.28096695120872,	0.964922730257584]
  - [-0.463699075669853,	0.294698844199242,	-1.96054580205775,	0.004834562028024,	1.20036764635162,	0.964503851237105]

  velocities:
  accelerations:

comau_trj_cover_drop_leave:
  joint_names: [comau_joint_1, comau_joint_2, comau_joint_3, comau_joint_4, comau_joint_5,
    comau_joint_6]
  time_from_start: 
  positions:
  - [-0.463699075669853,	0.294698844199242,	-1.96054580205775,	0.004834562028024,	1.20036764635162,	0.964503851237105]
  - [-0.463699075669853,	0.285396239286112,	-1.68420782158949,	0.004555309347705,	1.47668817352736,	0.965830301468621]
  - [-0.312763001957384,	0.184830367786199,	-1.60814637278757,	0.013491395117916,	1.5315089653325,	1.10510757577777]
  - [-0.312989894760143,	0.199543493380512,	-1.52981599595807,	0.013177235852557,	1.60828599912773,	1.20251440133157]

  velocities:
  accelerations:

comau_trj_suction_drop_rack_approach_part1:
  joint_names: [comau_joint_1, comau_joint_2, comau_joint_3, comau_joint_4, comau_joint_5,
    comau_joint_6]
  time_from_start: 
  positions:
  - [-0.655964546069548,	-0.06157521601036,	-1.54871791175717,	0.013526301702956,	1.59109450599559,	1.07596057726946] 
  - [-1.21705299400068,	-0.06157521601036,	-1.54870045846465,	0.005742133239061,	1.59111195928811,	1.07597803056198] 
  - [-1.23722900015374,	0.096289814832527,	-1.56152862846681,	-0.008307767239493,	1.57945315988479,	1.38366212439606]

  velocities:
  accelerations:

comau_trj_suction_drop_rack_approach_part2:
  joint_names: [comau_joint_1, comau_joint_2, comau_joint_3, comau_joint_4, comau_joint_5,
    comau_joint_6]
  time_from_start: 
  positions:
  - [-1.23722900015374,	0.096289814832527,	-1.56152862846681,	-0.008307767239493,	1.57945315988479,	1.38366212439606]
  - [-1.23722900015374,	0.085119707619763,	-1.95990003023451,	-0.008918632477691,	1.18102939823952,	1.38713532960753]
  - [-1.23722900015374,	0.086899943456798,	-1.97028473928388,	-0.008953539062731,	1.17064468919016,	1.38724004936265]
  - [-1.23722900015374,	0.088732539171392,	-1.98033783577536,	-0.009040805525331,	1.16060904599119,	1.38732731582525]
  - [-1.23724645344626,	0.090408055253306,	-1.98906448203534,	-0.009075712110371,	1.15184749314618,	1.38739712899533]
  - [-1.23722900015374,	0.091804318654902,	-1.99615051879843,	-0.00909316540289,	1.14479636296812,	1.38746694216541]

  velocities:
  accelerations:

comau_trj_suction_drop_rack_leave:
  joint_names: [comau_joint_1, comau_joint_2, comau_joint_3, comau_joint_4, comau_joint_5,
    comau_joint_6]
  time_from_start: 
  positions:
  - [-1.23722900015374,	0.091804318654902,	-1.99615051879843,	-0.00909316540289,	1.14479636296812,	1.38746694216541]
  - [-1.23724645344626,	0.090408055253306,	-1.98906448203534,	-0.009075712110371,	1.15184749314618,	1.38739712899533]
  - [-1.23722900015374,	0.088732539171392,	-1.98033783577536,	-0.009040805525331,	1.16060904599119,	1.38732731582525]
  - [-1.23722900015374,	0.086899943456798,	-1.97028473928388,	-0.008953539062731,	1.17064468919016,	1.38724004936265]
  - [-1.23722900015374,	0.085119707619763,	-1.95990003023451,	-0.008918632477691,	1.18102939823952,	1.38713532960753]
  #go home?

  velocities:
  accelerations:
comau_trj_tonnopinza_hook_rack_approach:
  joint_names: [comau_joint_1, comau_joint_2, comau_joint_3, comau_joint_4, comau_joint_5,
    comau_joint_6]
  time_from_start: 
  positions:

  velocities:
  
  accelerations:

comau_trj_tonnopinza_hook_rack_leave:
  joint_names: [comau_joint_1, comau_joint_2, comau_joint_3, comau_joint_4, comau_joint_5,
    comau_joint_6]
  time_from_start: 
  positions:

  velocities:
  
  accelerations:

comau_trj_grasp_approach:
  joint_names: [comau_joint_1, comau_joint_2, comau_joint_3, comau_joint_4, comau_joint_5,
    comau_joint_6]
  time_from_start: 
  positions:

  velocities:
  
  accelerations:

comau_trj_grasp_leave:
  joint_names: [comau_joint_1, comau_joint_2, comau_joint_3, comau_joint_4, comau_joint_5,
    comau_joint_6]
  time_from_start: 
  positions:

  velocities:
  
  accelerations:

