
kuka_trj_photoneo_scan:
  joint_names: [structure_joint_1, kuka_joint1, kuka_joint2, kuka_joint3, kuka_joint4,
    kuka_joint5, kuka_joint6]
  time_from_start:
  positions:
  - [1.332131803734, 0.0,-2.705, 2.705, 0.0, -1.57, 0.0]
  - [0.35751980175, 0.0, -2.70526, 1.0852457, 0.33911747, 2.01463356, 0.0]
  velocities:
  accelerations:

kuka_trj_photoneo_drop_rack_approach_part1:
  joint_names: [structure_joint_1, kuka_joint1, kuka_joint2, kuka_joint3, kuka_joint4,
    kuka_joint5, kuka_joint6]
  time_from_start:
  positions:
  - [0.35751980175, 0.0, -2.70526, 1.0852457, 0.33911747, 2.01463356, 0.0]
  - [1.9819981134299998, 0.0, -2.11900424, 1.1751302, 0.33911747, 1.3273229, 0.0]
  - [1.9819981134299998, 0.0, -1.2894493, 2.4240878, 0.0, -1.176701, 0.0]
  - [1.9819981134299998, -0.43545965, -1.3475687, 2.23821023, -0.53389622, -0.96708694, 1.8675]
  velocities:
  accelerations:

kuka_trj_photoneo_drop_rack_approach_part2:
  joint_names: [structure_joint_1, kuka_joint1, kuka_joint2, kuka_joint3, kuka_joint4,
    kuka_joint5, kuka_joint6]
  time_from_start:
  positions:
  - [1.9819981134299998, -0.43545965, -1.3475687, 2.23821023, -0.53389622, -0.96708694, 1.8675]
  - [1.9819981134299998, -0.44662976, -0.69446651,  2.31971711, -0.44418629, -1.6242034 , 1.5245451 ]
  - [1.9819981134299998, -0.45029495, -0.47595129,  2.24885674, -0.45570547, -1.75702296, 1.45961885]
  - [1.9819981134299998, -0.45570547, -0.17558012,  2.06594624, -0.47403142, -1.86139365, 1.40411738] #inizia discesa sul rack da questo in poi
  - [1.9819981134299998, -0.40474185, -0.19914207,  1.94743838, -0.40770891, -1.73834793, 1.47794481]
  - [1.9819981134299998, -0.37123153, -0.20629792,  1.84341676, -0.3689626 , -1.63694431, 1.52419604]
  velocities:
  accelerations:

kuka_trj_photoneo_drop_rack_leave:
  joint_names: [structure_joint_1, kuka_joint1, kuka_joint2, kuka_joint3, kuka_joint4,
    kuka_joint5, kuka_joint6]
  time_from_start:
  positions:
  - [1.9819981134299998, -0.37123153, -0.20629792,  1.84341676, -0.3689626 , -1.63694431, 1.52419604] #copia e incolla dei punti sopra
  - [1.9819981134299998, -0.40474185, -0.19914207,  1.94743838, -0.40770891, -1.73834793, 1.47794481]
  - [1.9819981134299998, -0.45570547, -0.17558012,  2.06594624, -0.47403142, -1.86139365, 1.40411738]

  velocities:
  accelerations:
kuka_trj_screwdriver_hook_rack_approach_part1:
  joint_names: [structure_joint_1, kuka_joint1, kuka_joint2, kuka_joint3, kuka_joint4,
    kuka_joint5, kuka_joint6]
  time_from_start: 
  positions:
  - [1.9819981134299998, -0.45570547, -0.17558012,  2.06594624, -0.47403142, -1.86139365, 1.40411738]
  - [1.4865987818759998, -0.45570547, -0.17558012,  2.06594624, -0.47403142, -1.86139365, 1.40411738]

  velocities:
  accelerations:

kuka_trj_screwdriver_hook_rack_approach_part2:
  joint_names: [structure_joint_1, kuka_joint1, kuka_joint2, kuka_joint3, kuka_joint4,
    kuka_joint5, kuka_joint6]
  time_from_start: 
  positions:
  - [1.4865987818759998, -0.45570547, -0.17558012,  2.06594624, -0.47403142, -1.86139365, 1.40411738]
  - [1.4865987818759998,-0.521678913421105,	-0.213453767518906,	2.12040050824791,	-0.560425222815379,	-1.85231793514158,	-0.212581102892909]
  - [1.4865987818759998,-0.414341164423453,	-0.245567825755602,	1.88704998725627,	-0.429001930140206,	-1.62856672503591,	-0.0654498469497873]
  - [1.4865987818759998,-0.40910517666747,	-0.245742358680801,	1.87116749106312,	-0.423416876533824,	-1.61425502516955,	-0.05846852994181]
  - [1.4865987818759998,-0.403694655986288,	-0.245742358680801,	1.86034644970075,	-0.419751685104636,	-1.60430664843319,	-0.0539306738866247]
  - [1.4865987818759998, -0.403694655986288, -0.245567825755602,	1.85458686316917,	-0.417831822927442,	-1.5992451936024,	-0.0514872129338327]
  velocities:
  accelerations:

kuka_trj_screwdriver_hook_rack_leave:
  joint_names: [structure_joint_1, kuka_joint1, kuka_joint2, kuka_joint3, kuka_joint4,
    kuka_joint5, kuka_joint6]
  time_from_start: 
  positions:
  - [1.4865987818759998, -0.403694655986288, -0.245567825755602,	1.85458686316917,	-0.417831822927442,	-1.5992451936024,	-0.0514872129338327]
  - [1.4865987818759998,-0.403694655986288,	-0.245742358680801,	1.86034644970075,	-0.419751685104636,	-1.60430664843319,	-0.0539306738866247]
  - [1.4865987818759998,-0.40910517666747,	-0.245742358680801,	1.87116749106312,	-0.423416876533824,	-1.61425502516955,	-0.05846852994181]
  - [1.4865987818759998,-0.414341164423453,	-0.245567825755602,	1.88704998725627,	-0.429001930140206,	-1.62856672503591,	-0.0654498469497873]
  - [1.4865987818759998,-0.521678913421105,	-0.213453767518906,	2.12040050824791,	-0.560425222815379,	-1.85231793514158,	-0.212581102892909]
  velocities:
  accelerations:

kuka_trj_approach_screw_1:
  joint_names: [structure_joint_1, kuka_joint1, kuka_joint2, kuka_joint3, kuka_joint4,
    kuka_joint5, kuka_joint6]
  time_from_start: 
  positions:
  - [1.4865987818759998, -0.521678913421105,	-0.213453767518906,	2.12040050824791,	-0.560425222815379,	-1.85231793514158,	-0.212581102892909]
  - [1.4865987818759998, -0.50789081233035,	-0.641233967182716,	2.33106174896362,	-0.524645973149495,	-1.66783663320578,	-0.0958185759344886]
  - [0.03249755919, -0.50789081233035,	-0.641233967182716,	2.33106174896362,	-0.524645973149495,	-1.66783663320578,	-0.0958185759344886]
  - [0.03249755919, 0.405614518163482,	-0.55990162403978,	2.24152635833632,	0.393397213399521,	-1.66713850150498,	0.00610865238198015]
  - [0.03249755919, 0.373674992851986,	-0.57840211411092,	2.11760798144472,	0.359712358836031,	-1.53501707712901,	-0.0472984227290463]

  velocities:
  accelerations:

kuka_trj_down_screw_1:
  joint_names: [structure_joint_1, kuka_joint1, kuka_joint2, kuka_joint3, kuka_joint4,
    kuka_joint5, kuka_joint6]
  time_from_start: 
  positions:
  - [0.03249755919, 0.373674992851986,	-0.57840211411092,	2.11760798144472,	0.359712358836031,	-1.53501707712901,	-0.0472984227290463]
  - [0.03249755919, 0.352032910127256,	-0.569850000776148,	2.03522844075059,	0.339815605363296,	-1.46537843997444,	-0.071383966406568]

  velocities:
  accelerations:

kuka_trj_up_screw_1:
  joint_names: [structure_joint_1, kuka_joint1, kuka_joint2, kuka_joint3, kuka_joint4,
    kuka_joint5, kuka_joint6]
  time_from_start: 
  positions:
  - [0.03249755919, 0.352032910127256,	-0.569850000776148,	2.03522844075059,	0.339815605363296,	-1.46537843997444,	-0.071383966406568]
  - [0.03249755919, 0.373674992851986,	-0.57840211411092,	2.11760798144472,	0.359712358836031,	-1.53501707712901,	-0.0472984227290463]

  velocities:
  accelerations:

kuka_trj_approach_screw_2:
  joint_names: [structure_joint_1, kuka_joint1, kuka_joint2, kuka_joint3, kuka_joint4,
    kuka_joint5, kuka_joint6]
  time_from_start: 
  positions:
  - [0.03249755919, 0.373674992851986,	-0.57840211411092,	2.11760798144472,	0.359712358836031,	-1.53501707712901,	-0.0472984227290463]
  - [0.03249755919, 0.339292006587697,	-0.697259036171734,	2.14745311165382,	0.327598300599335, -1.45036860840729,	-0.0750491578357561]

  velocities:
  accelerations:

kuka_trj_down_screw_2:
  joint_names: [structure_joint_1, kuka_joint1, kuka_joint2, kuka_joint3, kuka_joint4,
    kuka_joint5, kuka_joint6]
  time_from_start: 
  positions:
  - [0.03249755919, 0.339292006587697,	-0.697259036171734,	2.14745311165382,	0.327598300599335,	-1.45036860840729,	-0.0750491578357561]
  - [0.03249755919, 0.323933109170147,	-0.685914396033771,	2.08200326470403,	0.314508331209378,	-1.39835779669786,	-0.0898844564777079]

  velocities:
  accelerations:

kuka_trj_up_screw_2:
  joint_names: [structure_joint_1, kuka_joint1, kuka_joint2, kuka_joint3, kuka_joint4,
    kuka_joint5, kuka_joint6]
  time_from_start: 
  positions:
  - [0.03249755919, 0.323933109170147,	-0.685914396033771,	2.08200326470403,	0.314508331209378,	-1.39835779669786,	-0.0898844564777079]
  - [0.03249755919, 0.339292006587697,	-0.697259036171734,	2.14745311165382,	0.327598300599335,	-1.45036860840729,	-0.0750491578357561]

  velocities: 
  accelerations:

kuka_trj_approach_screw_3:
  joint_names: [structure_joint_1, kuka_joint1, kuka_joint2, kuka_joint3, kuka_joint4,
    kuka_joint5, kuka_joint6]
  time_from_start: 
  positions:
  - [0.03249755919, 0.339292006587697,	-0.697259036171734,	2.14745311165382,	0.327598300599335,	-1.45036860840729,	-0.0750491578357561]
  - [0.03249755919, 0.305432619099007,	-0.817686754559343,	2.17415664920933,	0.298102236240631,	-1.35961148730358,	-0.0987856356628789]

  velocities:
  accelerations:

kuka_trj_down_screw_3:
  joint_names: [structure_joint_1, kuka_joint1, kuka_joint2, kuka_joint3, kuka_joint4,
    kuka_joint5, kuka_joint6]
  time_from_start: 
  positions:
  - [0.03249755919, 0.305432619099007,	-0.817686754559343,	2.17415664920933,	0.298102236240631,	-1.35961148730358,	-0.0987856356628789]
  - [0.03249755919, 0.291644518008252,	-0.801106126665397,	2.10905586810995,	0.287281194878266,-1.31213853164934,	-0.110130275800842]

  velocities:
  accelerations:

kuka_trj_up_screw_3:
  joint_names: [structure_joint_1, kuka_joint1, kuka_joint2, kuka_joint3, kuka_joint4,
    kuka_joint5, kuka_joint6]
  time_from_start: 
  positions:
  - [0.03249755919, 0.291644518008252,	-0.801106126665397,	2.10905586810995,	0.287281194878266,	-1.31213853164934,	-0.110130275800842]
  - [0.03249755919, 0.305432619099007,	-0.817686754559343,	2.17415664920933,	0.298102236240631,	-1.35961148730358,	-0.0987856356628789]
  - [0.03249755919, 0.365297412442413,	-0.856083998103218,	2.39145014108263,	0.351334778426458,	-1.53135188569982,	-0.0485201532054423]

  velocities:
  accelerations:

kuka_trj_screwdriver_drop_rack_approach_part1:
  joint_names: [structure_joint_1, kuka_joint1, kuka_joint2, kuka_joint3, kuka_joint4,
    kuka_joint5, kuka_joint6]
  time_from_start: 
  positions:
  - [0.03249755919, 0.365297412442413,	-0.856083998103218,	2.39145014108263,	0.351334778426458,	-1.53135188569982,	-0.0485201532054423]
  - [0.03249755919, 0.405614518163482,	-0.55990162403978,	2.24152635833632,	0.393397213399521,	-1.66713850150498,	0.00610865238198015]
  - [0.03249755919, -0.50789081233035,	-0.641233967182716,	2.33106174896362,	-0.524645973149495,	-1.66783663320578,	-0.0958185759344886]
  - [1.4865987818759998, -0.50789081233035,	-0.641233967182716,	2.33106174896362,	-0.524645973149495,	-1.66783663320578,	-0.0958185759344886]
  - [1.4865987818759998, -0.521678913421105,	-0.213453767518906,	2.12040050824791,	-0.560425222815379,	-1.85231793514158,	-0.212581102892909]

  velocities:
  accelerations:

kuka_trj_screwdriver_drop_rack_approach_part2:
  joint_names: [structure_joint_1, kuka_joint1, kuka_joint2, kuka_joint3, kuka_joint4,
    kuka_joint5, kuka_joint6]
  time_from_start: 
  positions:
  - [1.4865987818759998,-0.521678913421105,	-0.213453767518906,	2.12040050824791,	-0.560425222815379,	-1.85231793514158,	-0.212581102892909]
  - [1.4865987818759998,-0.414341164423453,	-0.245567825755602,	1.88704998725627,	-0.429001930140206,	-1.62856672503591,	-0.0654498469497873]
  - [1.4865987818759998,-0.40910517666747,	-0.245742358680801,	1.87116749106312,	-0.423416876533824,	-1.61425502516955,	-0.05846852994181]
  - [1.4865987818759998,-0.403694655986288,	-0.245742358680801,	1.86034644970075,	-0.419751685104636,	-1.60430664843319,	-0.0539306738866247]
  - [1.4865987818759998, -0.403694655986288, -0.245567825755602,	1.85458686316917,	-0.417831822927442,	-1.5992451936024,	-0.0514872129338327]


  velocities:
  accelerations:
kuka_trj_spreader_hook_rack_approach:
  joint_names: [structure_joint_1, kuka_joint1, kuka_joint2, kuka_joint3, kuka_joint4,
    kuka_joint5, kuka_joint6]
  time_from_start: 
  positions:
  - [1.4865987818, -0.521678913421105,	-0.213453767518906,	2.12040050824791,	-0.560425222815379,	-1.85231793514158,	-0.212581102892909]
  - [1.486459173863, 0.351683844276857,	-0.137531945057153,	2.05826678687691,	0.355872634481643,	-1.89350770548865,	0.0745255590601578]
  - [1.486459173863, 0.301941960595019,	-0.161792021659874,	1.8779742751459,	0.288502925354662,	-1.72072010954121,	0.0481710873550434]
  - [1.486459173863, 0.299847565492626,	-0.162664686285871,	1.86907309596073,	0.285884931476671,	-1.71146986450564,	0.0452040276266531]
  - [1.486459173863, 0.298102236240631,	-0.16318828506147,	1.86156818017715,	0.283790536374278,	-1.70379041579686,	0.0425860337486616]
  - [1.486459173863, 0.295833308213039,	-0.163886416762267,	1.85161980344078,	0.281172542496286, -1.6936675061353,	0.0394444410950718]

  velocities:
  accelerations:

kuka_trj_spreader_hook_rack_leave:
  joint_names: [structure_joint_1, kuka_joint1, kuka_joint2, kuka_joint3, kuka_joint4,
    kuka_joint5, kuka_joint6]
  time_from_start: 
  positions:
  - [1.486459173863, 0.295833308213039,	-0.163886416762267,	1.85161980344078,	0.281172542496286, -1.6936675061353,	0.0394444410950718]
  - [1.486459173863, 0.298102236240631,	-0.16318828506147,	1.86156818017715,	0.283790536374278,	-1.70379041579686,	0.0425860337486616]
  - [1.486459173863, 0.299847565492626,	-0.162664686285871,	1.86907309596073,	0.285884931476671,	-1.71146986450564,	0.0452040276266531]
  - [1.486459173863, 0.301941960595019,	-0.161792021659874,	1.8779742751459,	0.288502925354662,	-1.72072010954121,	0.0481710873550434]
  - [1.486459173863, 0.351683844276857,	-0.137531945057153,	2.05826678687691,	0.355872634481643,	-1.89350770548865,	0.0745255590601578]

  velocities:
  accelerations:

kuka_trj_spreader_on_approach:
  joint_names: [structure_joint_1, kuka_joint1, kuka_joint2, kuka_joint3, kuka_joint4,
    kuka_joint5, kuka_joint6]
  time_from_start: 
  positions:
  - [1.486459173863, 0.351683844276857,	-0.137531945057153,	2.05826678687691,	0.355872634481643,	-1.89350770548865,	0.0745255590601578]
  - [1.486459173863, 0.35081117965086,	-0.380481776934764,	2.2156954854068,	0.345924257745276,	-1.83067585241685,	-1.232202451908]
  - [0.511822105212, 0.259704992696756,	-0.506320016003555,	1.98601015584435,	0.243647963578408,	-1.49295464215595,	-1.34285632648444]
  - [0.511822105212, 0.305432619099007,	-0.511730536684737,	1.9706512584268,	0.289899188756258,	-1.47410508623441,	-1.3528047032208]

  velocities:
  accelerations:

kuka_trj_spreader_on_leave:
  joint_names: [structure_joint_1, kuka_joint1, kuka_joint2, kuka_joint3, kuka_joint4,
    kuka_joint5, kuka_joint6]
  time_from_start: 
  positions:
  - [0.511822105212, 0.305432619099007,	-0.511730536684737,	1.9706512584268,	0.289899188756258,	-1.47410508623441,	-1.3528047032208]
  - [0.511822105212, 0.259704992696756,	-0.506320016003555,	1.98601015584435,	0.243647963578408,	-1.49295464215595,	-1.34285632648444]
  - [1.486459173863, 0.35081117965086,	-0.380481776934764,	2.2156954854068,	0.345924257745276,	-1.83067585241685,	-1.232202451908]
  - [1.486459173863, 0.351683844276857,	-0.137531945057153,	2.05826678687691,	0.355872634481643,	-1.89350770548865,	0.0745255590601578]

  velocities:
  accelerations:

kuka_trj_spreader_drop_rack_approach:
  joint_names: [structure_joint_1, kuka_joint1, kuka_joint2, kuka_joint3, kuka_joint4,
    kuka_joint5, kuka_joint6]
  time_from_start: 
  positions:
  - [1.486459173863, 0.351683844276857,	-0.137531945057153,	2.05826678687691,	0.355872634481643,	-1.89350770548865,	0.0745255590601578]
  - [1.486459173863, 0.351683844276857,	-0.137531945057153,	2.05826678687691,	0.355872634481643,	-1.89350770548865,	0.0745255590601578]
  - [1.486459173863, 0.301941960595019,	-0.161792021659874,	1.8779742751459,	0.288502925354662,	-1.72072010954121,	0.0481710873550434]
  - [1.486459173863, 0.299847565492626,	-0.162664686285871,	1.86907309596073,	0.285884931476671,	-1.71146986450564,	0.0452040276266531]
  - [1.486459173863, 0.298102236240631,	-0.16318828506147,	1.86156818017715,	0.283790536374278,	-1.70379041579686,	0.0425860337486616]
  - [1.486459173863, 0.295833308213039,	-0.163886416762267,	1.85161980344078,	0.281172542496286, -1.6936675061353,	0.0394444410950718]

  velocities:
  accelerations:

kuka_trj_spreader_drop_rack_leave:
  joint_names: [structure_joint_1, kuka_joint1, kuka_joint2, kuka_joint3, kuka_joint4,
    kuka_joint5, kuka_joint6]
  time_from_start: 
  positions:
  - [1.486459173863, 0.295833308213039,	-0.163886416762267,	1.85161980344078,	0.281172542496286, -1.6936675061353,	0.0394444410950718]
  - [1.486459173863, 0.298102236240631,	-0.16318828506147,	1.86156818017715,	0.283790536374278,	-1.70379041579686,	0.0425860337486616]
  - [1.486459173863, 0.299847565492626,	-0.162664686285871,	1.86907309596073,	0.285884931476671,	-1.71146986450564,	0.0452040276266531]
  - [1.486459173863, 0.301941960595019,	-0.161792021659874,	1.8779742751459,	0.288502925354662,	-1.72072010954121,	0.0481710873550434]
  - [1.486459173863, 0.351683844276857,	-0.137531945057153,	2.05826678687691,	0.355872634481643,	-1.89350770548865,	0.0745255590601578]

  velocities:
  accelerations:
comau_trj_suction_hook_rack_approach:
  joint_names: [comau_joint_1, comau_joint_2, comau_joint_3, comau_joint_4, comau_joint_5,
    comau_joint_6]
  time_from_start: 
  positions:

  velocities:
  
  accelerations:

comau_trj_suction_hook_rack_leave:
  joint_names: [comau_joint_1, comau_joint_2, comau_joint_3, comau_joint_4, comau_joint_5,
    comau_joint_6]
  time_from_start: 
  positions:

  velocities:
  
  accelerations:

comau_trj_suction_on_approach:
  joint_names: [comau_joint_1, comau_joint_2, comau_joint_3, comau_joint_4, comau_joint_5,
    comau_joint_6]
  time_from_start: 
  positions:

  velocities:
  
  accelerations:

comau_trj_suction_up:
  joint_names: [comau_joint_1, comau_joint_2, comau_joint_3, comau_joint_4, comau_joint_5,
    comau_joint_6]
  time_from_start: 
  positions:

  velocities:
  
  accelerations:

comau_trj_cover_drop_approach:
  joint_names: [comau_joint_1, comau_joint_2, comau_joint_3, comau_joint_4, comau_joint_5,
    comau_joint_6]
  time_from_start: 
  positions:

  velocities:
  
  accelerations:

comau_trj_cover_drop_leave:
  joint_names: [comau_joint_1, comau_joint_2, comau_joint_3, comau_joint_4, comau_joint_5,
    comau_joint_6]
  time_from_start: 
  positions:

  velocities:
  
  accelerations:
comau_trj_tonnopinza_hook_rack_approach:
  joint_names: [comau_joint_1, comau_joint_2, comau_joint_3, comau_joint_4, comau_joint_5,
    comau_joint_6]
  time_from_start: 
  positions:

  velocities:
  
  accelerations:

comau_trj_tonnopinza_hook_rack_leave:
  joint_names: [comau_joint_1, comau_joint_2, comau_joint_3, comau_joint_4, comau_joint_5,
    comau_joint_6]
  time_from_start: 
  positions:

  velocities:
  
  accelerations:

comau_trj_grasp_approach:
  joint_names: [comau_joint_1, comau_joint_2, comau_joint_3, comau_joint_4, comau_joint_5,
    comau_joint_6]
  time_from_start: 
  positions:

  velocities:
  
  accelerations:

comau_trj_grasp_leave:
  joint_names: [comau_joint_1, comau_joint_2, comau_joint_3, comau_joint_4, comau_joint_5,
    comau_joint_6]
  time_from_start: 
  positions:

  velocities:
  
  accelerations:

